8 6.57689 17
8 6.5866 17.025
8 6.59633 17.05
8 6.60604 17.075
8 6.61576 17.1
8 6.62548 17.125
8 6.63519 17.15
8 6.6449 17.175
8 6.65462 17.2
8 6.66433 17.225
8 6.67404 17.25
8 6.68374 17.275
8 6.69347 17.3
8 6.70317 17.325
8 6.71289 17.35
8 6.7226 17.375
8 6.73231 17.4
8 6.74202 17.425
8 6.75173 17.45
8 6.76143 17.475
8 6.77113 17.5
8 6.78085 17.525
8 6.79055 17.55
8 6.80026 17.575
8 6.80996 17.6
8 6.81967 17.625
8 6.82937 17.65
8 6.83908 17.675
8 6.84878 17.7
8 6.85849 17.725
8 6.86819 17.75
8 6.87788 17.775
8 6.88758 17.8
8 6.89729 17.825
8 6.90699 17.85
8 6.91669 17.875
8 6.92639 17.9
8 6.93608 17.925
8 6.94578 17.95
8 6.95548 17.975
8 6.96517 18
8 6.97487 18.025
8 6.98456 18.05
8 6.99427 18.075
8 7.00395 18.1
8 7.01365 18.125
8 7.02333 18.15
8 7.03303 18.175
8 7.04271 18.2
8 7.05241 18.225
8 7.06209 18.25
8 7.07179 18.275
8 7.08146 18.3
8 7.09115 18.325
8 7.10083 18.35
8 7.11051 18.375
8 7.12019 18.4
8 7.12987 18.425
8 7.13955 18.45
8 7.14922 18.475
8 7.15889 18.5
8 7.16856 18.525
8 7.17823 18.55
8 7.1879 18.575
8 7.19756 18.6
8 7.20724 18.625
8 7.21689 18.65
8 7.22655 18.675
8 7.2362 18.7
8 7.24585 18.725
8 7.25551 18.75
8 7.26515 18.775
8 7.2748 18.8
8 7.28444 18.825
8 7.29407 18.85
8 7.30372 18.875
8 7.31335 18.9
8 7.32297 18.925
8 7.3326 18.95
8 7.34222 18.975
8 7.35184 19
8 7.36145 19.025
8 7.37105 19.05
8 7.38066 19.075
8 7.39026 19.1
8 7.39985 19.125
8 7.40944 19.15
8 7.41903 19.175
8 7.4286 19.2
8 7.43819 19.225
8 7.44776 19.25
8 7.45729 19.275
8 7.46684 19.3
8 7.47638 19.325
8 7.48592 19.35
8 7.49545 19.375
8 7.50497 19.4
8 7.51448 19.425
8 7.52401 19.45
8 7.53349 19.475
8 7.54297 19.5
8 7.55246 19.525
8 7.56191 19.55
8 7.57137 19.575
8 7.58083 19.6
8 7.59025 19.625
8 7.59969 19.65
8 7.60909 19.675
8 7.61847 19.7
8 7.62785 19.725
8 7.63723 19.75
8 7.64656 19.775
8 7.6559 19.8
8 7.66522 19.825
8 7.67451 19.85
8 7.6838 19.875
8 7.69306 19.9
8 7.7023 19.925
8 7.71152 19.95
8 7.72073 19.975
8 7.72991 20
8 7.73906 20.025
8 7.74819 20.05
8 7.7573 20.075
8 7.76638 20.1
8 7.77543 20.125
8 7.78446 20.15
8 7.79346 20.175
8 7.80241 20.2
8 7.81133 20.225
8 7.82023 20.25
8 7.82908 20.275
8 7.8379 20.3
8 7.84669 20.325
8 7.85542 20.35
8 7.86413 20.375
8 7.87278 20.4
8 7.88139 20.425
8 7.88995 20.45
8 7.89847 20.475
8 7.90694 20.5
8 7.91534 20.525
8 7.92371 20.55
8 7.93201 20.575
8 7.94026 20.6
8 7.94845 20.625
8 7.95659 20.65
8 7.96464 20.675
8 7.97263 20.7
8 7.98058 20.725
8 7.98844 20.75
8 7.99624 20.775
8 8.00396 20.8
8 8.01162 20.825
8 8.01921 20.85
8 8.02672 20.875
8 8.03417 20.9
8 8.04154 20.925
8 8.04882 20.95
8 8.05604 20.975
8 8.06318 21
8 8.07025 21.025
8 8.07724 21.05
8 8.08416 21.075
8 8.091 21.1
8 8.09778 21.125
8 8.10448 21.15
8 8.11111 21.175
8 8.11768 21.2
8 8.12418 21.225
8 8.13061 21.25
8 8.13698 21.275
8 8.14328 21.3
8 8.14953 21.325
8 8.15572 21.35
8 8.16186 21.375
8 8.16795 21.4
8 8.17398 21.425
8 8.17997 21.45
8 8.18592 21.475
8 8.19182 21.5
8 8.19768 21.525
8 8.20351 21.55
8 8.2093 21.575
8 8.21505 21.6
8 8.22078 21.625
8 8.22648 21.65
8 8.23215 21.675
8 8.23781 21.7
8 8.24343 21.725
8 8.24905 21.75
8 8.25464 21.775
8 8.26022 21.8
8 8.26578 21.825
8 8.27133 21.85
8 8.27688 21.875
8 8.28241 21.9
8 8.28794 21.925
8 8.29346 21.95
8 8.29898 21.975
8 8.3045 22
8 8.31001 22.025
8 8.31552 22.05
8 8.32103 22.075
8 8.32655 22.1
8 8.33207 22.125
8 8.33759 22.15
8 8.34311 22.175
8 8.34864 22.2
8 8.35418 22.225
8 8.35972 22.25
8 8.36527 22.275
8 8.37083 22.3
8 8.37639 22.325
8 8.38196 22.35
8 8.38754 22.375
8 8.39313 22.4
8 8.39873 22.425
8 8.40434 22.45
8 8.40996 22.475
8 8.41559 22.5
8 8.42123 22.525
8 8.42688 22.55
8 8.43255 22.575
8 8.43822 22.6
8 8.44391 22.625
8 8.44961 22.65
8 8.45533 22.675
8 8.46105 22.7
8 8.46679 22.725
8 8.47254 22.75
8 8.47831 22.775
8 8.48408 22.8
8 8.48988 22.825
8 8.49568 22.85
8 8.5015 22.875
8 8.50733 22.9
8 8.51317 22.925
8 8.51903 22.95
8 8.5249 22.975
8 8.53078 23
8 8.53668 23.025
8 8.54258 23.05
8 8.5485 23.075
8 8.55442 23.1
8 8.56036 23.125
8 8.56631 23.15
8 8.57227 23.175
8 8.57824 23.2
8 8.58421 23.225
8 8.59019 23.25
8 8.59618 23.275
8 8.60218 23.3
8 8.60818 23.325
8 8.61418 23.35
8 8.62019 23.375
8 8.62621 23.4
8 8.63222 23.425
8 8.63824 23.45
8 8.64426 23.475
8 8.65028 23.5
8 8.6563 23.525
8 8.66232 23.55
8 8.66834 23.575
8 8.67436 23.6
8 8.68038 23.625
8 8.68639 23.65
8 8.6924 23.675
8 8.6984 23.7
8 8.7044 23.725
8 8.7104 23.75
8 8.71639 23.775
8 8.72237 23.8
8 8.72835 23.825
8 8.73432 23.85
8 8.74028 23.875
8 8.74624 23.9
8 8.75218 23.925
8 8.75812 23.95
8 8.76406 23.975
8 8.76998 24
8 8.7759 24.025
8 8.7818 24.05
8 8.7877 24.075
8 8.79359 24.1
8 8.79947 24.125
8 8.80534 24.15
8 8.8112 24.175
8 8.81705 24.2
8 8.8229 24.225
8 8.82873 24.25
8 8.83456 24.275
8 8.84037 24.3
8 8.84618 24.325
8 8.85197 24.35
8 8.85776 24.375
8 8.86354 24.4
8 8.86931 24.425
8 8.87507 24.45
8 8.88083 24.475
8 8.88657 24.5
8 8.89231 24.525
8 8.89803 24.55
8 8.90374 24.575
8 8.90945 24.6
8 8.91516 24.625
8 8.92085 24.65
8 8.92654 24.675
8 8.93222 24.7
8 8.93789 24.725
8 8.94355 24.75
8 8.94921 24.775
8 8.95486 24.8
8 8.9605 24.825
8 8.96613 24.85
8 8.97176 24.875
8 8.97738 24.9
8 8.983 24.925
8 8.9886 24.95
8 8.99421 24.975
8 8.9998 25
8 9.00539 25.025
8 9.01097 25.05
8 9.01655 25.075
8 9.02212 25.1
8 9.02769 25.125
8 9.03324 25.15
8 9.0388 25.175
8 9.04435 25.2
8 9.04989 25.225
8 9.05542 25.25
8 9.06096 25.275
8 9.06648 25.3
8 9.072 25.325
8 9.07752 25.35
8 9.08303 25.375
8 9.08854 25.4
8 9.09404 25.425
8 9.09954 25.45
8 9.10503 25.475
8 9.11328 25.5128
8 9.11373 25.5148
8 9.11419 25.5169
8 9.11464 25.5189
8 9.11509 25.521
8 9.11555 25.523
8 9.116 25.525
8 9.11643 25.5271
8 9.11686 25.5291
8 9.11729 25.5311
8 9.11773 25.533
8 9.11816 25.535
8 9.11859 25.537
8 9.11902 25.5389
8 9.11944 25.5409
8 9.11987 25.5428
8 9.1203 25.5448
8 9.12073 25.5467
8 9.12116 25.5486
8 9.12158 25.5505
8 9.12199 25.5524
8 9.12239 25.5543
8 9.1228 25.5562
8 9.12321 25.5581
8 9.12361 25.5599
8 9.12402 25.5618
8 9.12442 25.5636
8 9.12483 25.5655
8 9.12523 25.5673
8 9.12563 25.5691
8 9.12604 25.571
8 9.12644 25.5728
8 9.12684 25.5746
8 9.12723 25.5764
8 9.12761 25.5782
8 9.128 25.5799
8 9.12838 25.5817
8 9.12876 25.5835
8 9.12915 25.5852
8 9.12953 25.587
8 9.12991 25.5887
8 9.13029 25.5905
8 9.13067 25.5922
8 9.13105 25.5939
8 9.13143 25.5956
8 9.13181 25.5974
8 9.13219 25.5991
8 9.13256 25.6008
8 9.13292 25.6025
8 9.13329 25.6041
8 9.13365 25.6058
8 9.13401 25.6075
8 9.13437 25.6092
8 9.13473 25.6108
8 9.13509 25.6125
8 9.13545 25.6141
8 9.13581 25.6158
8 9.13617 25.6174
8 9.13653 25.619
8 9.13689 25.6206
8 9.13725 25.6223
8 9.13761 25.6239
8 9.13796 25.6255
8 9.1383 25.6271
8 9.13864 25.6287
8 9.13898 25.6302
8 9.13933 25.6318
8 9.13967 25.6334
8 9.14001 25.635
8 9.14035 25.6365
8 9.14069 25.6381
8 9.14103 25.6396
8 9.14137 25.6412
8 9.14171 25.6427
8 9.14205 25.6443
8 9.14238 25.6458
8 9.14272 25.6473
8 9.14306 25.6488
8 9.1434 25.6504
8 9.14372 25.6519
8 9.14404 25.6534
8 9.14436 25.6549
8 9.14468 25.6564
8 9.145 25.6578
8 9.14532 25.6593
8 9.14564 25.6608
8 9.14596 25.6623
8 9.14628 25.6638
8 9.1466 25.6652
8 9.14692 25.6667
8 9.14724 25.6681
8 9.14756 25.6696
8 9.14788 25.671
8 9.1482 25.6725
8 9.14851 25.6739
8 9.14883 25.6753
8 9.14913 25.6767
8 9.14944 25.6782
8 9.14974 25.6796
8 9.15004 25.681
8 9.15035 25.6824
8 9.15065 25.6838
8 9.15095 25.6852
8 9.15125 25.6866
8 9.15155 25.688
8 9.15186 25.6894
8 9.15216 25.6907
8 9.15246 25.6921
8 9.15276 25.6935
8 9.15306 25.6949
8 9.15336 25.6962
8 9.15366 25.6976
8 9.15396 25.6989
8 9.15426 25.7003
8 9.15455 25.7016
8 9.15483 25.703
8 9.15512 25.7043
8 9.15541 25.7056
8 9.15569 25.707
8 9.15598 25.7083
8 9.15626 25.7096
8 9.15655 25.7109
8 9.15683 25.7122
8 9.15712 25.7136
8 9.1574 25.7149
8 9.15769 25.7162
8 9.15797 25.7175
8 9.15826 25.7188
8 9.15854 25.72
8 9.15883 25.7213
8 9.15911 25.7226
8 9.15939 25.7239
8 9.15967 25.7252
8 9.15994 25.7264
8 9.16021 25.7277
8 9.16048 25.729
8 9.16075 25.7302
8 9.16102 25.7315
8 9.16129 25.7327
8 9.16156 25.734
8 9.16183 25.7352
8 9.1621 25.7365
8 9.16237 25.7377
8 9.16264 25.7389
8 9.16291 25.7402
8 9.16317 25.7414
8 9.16344 25.7426
8 9.16371 25.7438
8 9.16398 25.7451
8 9.16425 25.7463
8 9.16451 25.7475
8 9.16478 25.7487
8 9.16505 25.7499
8 9.1653 25.7511
8 9.16556 25.7523
8 9.16581 25.7535
8 9.16607 25.7547
8 9.16632 25.7559
8 9.16657 25.7571
8 9.16683 25.7582
8 9.16708 25.7594
8 9.16733 25.7606
8 9.16759 25.7618
8 9.16784 25.7629
8 9.16809 25.7641
8 9.16835 25.7653
8 9.1686 25.7664
8 9.16885 25.7676
8 9.16911 25.7687
8 9.16936 25.7699
8 9.16961 25.771
8 9.16986 25.7722
8 9.17011 25.7733
8 9.17037 25.7744
8 9.17061 25.7756
8 9.17079 25.7845
8 9.17098 25.7857
8 9.17117 25.7868
8 9.17136 25.7879
8 9.17155 25.789
8 9.17175 25.7901
8 9.17194 25.7912
8 9.17213 25.7922
8 9.17232 25.7933
8 9.17251 25.7944
8 9.17271 25.7955
8 9.1729 25.7966
8 9.17309 25.7977
8 9.17329 25.7987
8 9.17351 25.7998
8 9.17373 25.8009
8 9.17395 25.8019
8 9.17417 25.803
8 9.17439 25.8041
8 9.17461 25.8051
8 9.17483 25.8062
8 9.17505 25.8072
8 9.17527 25.8083
8 9.17549 25.8093
8 9.17571 25.8104
8 9.17593 25.8114
8 9.17615 25.8125
8 9.17637 25.8135
8 9.17659 25.8146
8 9.17681 25.8156
8 9.17702 25.8166
8 9.17724 25.8177
8 9.17746 25.8187
8 9.17768 25.8197
8 9.1779 25.8207
8 9.17812 25.8218
8 9.17834 25.8228
8 9.17855 25.8238
8 9.17877 25.8248
8 9.17897 25.8258
8 9.17917 25.8268
8 9.17937 25.8278
8 9.17957 25.8288
8 9.17977 25.8298
8 9.17998 25.8308
8 9.18018 25.8318
8 9.18038 25.8328
8 9.18058 25.8338
8 9.18078 25.8348
8 9.18098 25.8358
8 9.18118 25.8368
8 9.18138 25.8378
8 9.18158 25.8387
8 9.18178 25.8397
8 9.18198 25.8407
8 9.18218 25.8417
8 9.18238 25.8426
8 9.18258 25.8436
8 9.18278 25.8446
8 9.18297 25.8455
8 9.18317 25.8465
8 9.18337 25.8475
8 9.18357 25.8484
8 9.18377 25.8494
8 9.18397 25.8503
8 9.18417 25.8513
8 9.18434 25.8522
8 9.18448 25.8532
8 9.18463 25.8541
8 9.18478 25.8551
8 9.18493 25.856
8 9.18507 25.857
8 9.18522 25.8579
8 9.18537 25.8588
8 9.18551 25.8598
8 9.18566 25.8607
8 9.18581 25.8616
8 9.18595 25.8626
8 9.1861 25.8635
8 9.18625 25.8644
8 9.1864 25.8653
8 9.18654 25.8663
8 9.18669 25.8672
8 9.18684 25.8681
8 9.18698 25.869
8 9.18713 25.8699
8 9.18727 25.8708
8 9.18742 25.8717
8 9.18757 25.8726
8 9.18771 25.8736
8 9.18786 25.8745
8 9.18801 25.8754
8 9.18815 25.8763
8 9.1883 25.8772
8 9.18844 25.8781
8 9.18859 25.8789
8 9.18873 25.8798
8 9.18887 25.8807
8 9.189 25.8816
8 9.18914 25.8825
8 9.18928 25.8834
8 9.18941 25.8843
8 9.18955 25.8852
8 9.18968 25.886
8 9.18982 25.8869
8 9.18995 25.8878
8 9.19009 25.8887
8 9.19022 25.8895
8 9.19036 25.8904
8 9.19049 25.8913
8 9.19062 25.8921
8 9.19076 25.893
8 9.19089 25.8939
8 9.19103 25.8947
8 9.19116 25.8956
8 9.1913 25.8964
8 9.19143 25.8973
8 9.19157 25.8982
8 9.1917 25.899
8 9.19184 25.8999
8 9.19197 25.9007
8 9.1921 25.9016
8 9.19224 25.9024
8 9.19237 25.9033
8 9.19251 25.9041
8 9.19264 25.9049
8 9.19278 25.9058
8 9.19291 25.9066
8 9.19304 25.9075
8 9.19313 25.9083
8 9.19322 25.9091
8 9.19331 25.91
8 9.1934 25.9108
8 9.19349 25.9116
8 9.19358 25.9125
8 9.19367 25.9133
8 9.19376 25.9141
8 9.19385 25.9149
8 9.19394 25.9157
8 9.19403 25.9166
8 9.19413 25.9174
8 9.19422 25.9182
8 9.19431 25.919
8 9.1944 25.9198
8 9.19449 25.9206
8 9.19458 25.9215
8 9.19467 25.9223
8 9.19476 25.9231
8 9.19485 25.9239
8 9.19494 25.9247
8 9.19503 25.9255
8 9.19512 25.9263
8 9.19521 25.9271
8 9.1953 25.9279
8 9.19539 25.9287
8 9.19548 25.9295
8 9.19557 25.9303
8 9.19566 25.9311
8 9.19575 25.9319
8 9.19584 25.9326
8 9.19593 25.9334
8 9.19602 25.9342
8 9.19612 25.935
8 9.19621 25.9358
8 9.1963 25.9366
8 9.19639 25.9374
8 9.19648 25.9381
8 9.19658 25.9389
8 9.19667 25.9397
8 9.19676 25.9405
8 9.19685 25.9412
8 9.19694 25.942
8 9.19703 25.9428
8 9.19712 25.9436
8 9.19722 25.9443
8 9.19731 25.9451
8 9.1974 25.9459
8 9.19749 25.9466
8 9.19758 25.9474
8 9.19767 25.9481
8 9.19777 25.9489
8 9.19786 25.9497
8 9.19795 25.9504
8 9.19804 25.9512
8 9.19813 25.9519
8 9.19822 25.9527
8 9.19831 25.9534
8 9.1984 25.9542
8 9.19846 25.9549
8 9.1985 25.9557
8 9.19854 25.9564
8 9.19858 25.9572
8 9.19862 25.9579
8 9.19866 25.9587
8 9.1987 25.9594
8 9.19874 25.9602
8 9.19878 25.9609
8 9.19881 25.9616
8 9.19885 25.9624
8 9.19889 25.9631
8 9.19893 25.9639
8 9.19897 25.9646
8 9.19901 25.9653
8 9.19905 25.9661
8 9.1991 25.9668
8 9.19916 25.9675
8 9.19921 25.9682
8 9.19927 25.969
8 9.19933 25.9697
8 9.19939 25.9704
8 9.19945 25.9711
8 9.19946 25.9754
8 9.19978 25.9762
